2012-10-30 10:45:05.715253 [INFO] [generator] Code generator started.
2012-10-30 10:45:05.716529 [DEBUG] [generator] Settings: "settings": { "modeling_settings": { "verbose":true, "target": "diagrams/protocol.dia", "external_package_path": "creris", "references": [ { "diagrams/credit_risk.dia" } ], "disable_model_package": false }, "cpp_settings": { "verbose":true, "split_project":false, "project_dir": "projects/", "src_dir": "", "include_dir": "", "disable_backend": false, "disable_cmakelists": false, "disable_complete_constructor": false, "enabled_facets": ["cpp_facet_types::domain", "cpp_facet_types::hash", "cpp_facet_types::serialization", "cpp_facet_types::io", "cpp_facet_types::test_data"], "header_extension": ".hpp", "source_extension": ".cpp", "disable_facet_folders": false, "disable_unique_file_names": false, "domain_facet_folder": "domain", "hash_facet_folder": "hash", "io_facet_folder": "io", "serialization_facet_folder": "serialization", "disable_xml_serialization": false, "use_integrated_io": false, "disable_versioning": false }, "sql_settings": { "verbose":true, "disable_backend": false, "create_schema": false, "schema_name": "" }, "troubleshooting_settings": { "verbose": true, "debug_dir": "", "save_dia_model": "archive_types::invalid", "save_sml_model": "archive_types::invalid", "stop_after_formatting": false, "stop_after_merging": false }, "output_settings": { "verbose":true, "output_to_stdout": false, "output_to_file": true, "delete_extra_files": true, "force_writes": false } }
2012-10-30 10:45:05.717070 [DEBUG] [sml_builder] adding model: primitive_model
2012-10-30 10:45:05.718416 [DEBUG] [sml_builder] adding model: std
2012-10-30 10:45:05.718782 [DEBUG] [hydrator] Hydrating dia file: "diagrams/protocol.dia"
2012-10-30 10:45:05.718951 [DEBUG] [hydrator] Reading diagram.
2012-10-30 10:45:05.719058 [DEBUG] [hydrator] Reading diagram data.
2012-10-30 10:45:05.719158 [DEBUG] [hydrator] Reading attribute: background
2012-10-30 10:45:05.719250 [DEBUG] [hydrator] Reading generic attribute value: #ffffff
2012-10-30 10:45:05.719363 [DEBUG] [hydrator] Reading attribute: pagebreak
2012-10-30 10:45:05.719451 [DEBUG] [hydrator] Reading generic attribute value: #000099
2012-10-30 10:45:05.719545 [DEBUG] [hydrator] Reading attribute: paper
2012-10-30 10:45:05.719632 [DEBUG] [hydrator] Reading composite attribute value: paper
2012-10-30 10:45:05.719719 [DEBUG] [hydrator] Reading attribute: name
2012-10-30 10:45:05.719809 [DEBUG] [hydrator] Reading string attribute value: #A4#
2012-10-30 10:45:05.719914 [DEBUG] [hydrator] Reading attribute: tmargin
2012-10-30 10:45:05.720048 [DEBUG] [hydrator] Reading generic attribute value: 2.8222000598907471
2012-10-30 10:45:05.720152 [DEBUG] [hydrator] Reading attribute: bmargin
2012-10-30 10:45:05.720239 [DEBUG] [hydrator] Reading generic attribute value: 2.8222000598907471
2012-10-30 10:45:05.720333 [DEBUG] [hydrator] Reading attribute: lmargin
2012-10-30 10:45:05.720419 [DEBUG] [hydrator] Reading generic attribute value: 2.8222000598907471
2012-10-30 10:45:05.720511 [DEBUG] [hydrator] Reading attribute: rmargin
2012-10-30 10:45:05.720597 [DEBUG] [hydrator] Reading generic attribute value: 2.8222000598907471
2012-10-30 10:45:05.720838 [DEBUG] [hydrator] Reading attribute: is_portrait
2012-10-30 10:45:05.721491 [DEBUG] [hydrator] Reading generic attribute value: true
2012-10-30 10:45:05.721624 [DEBUG] [hydrator] Reading attribute: scaling
2012-10-30 10:45:05.721712 [DEBUG] [hydrator] Reading generic attribute value: 1
2012-10-30 10:45:05.721805 [DEBUG] [hydrator] Reading attribute: fitto
2012-10-30 10:45:05.721891 [DEBUG] [hydrator] Reading generic attribute value: false
2012-10-30 10:45:05.722043 [DEBUG] [hydrator] Reading attribute: grid
2012-10-30 10:45:05.722132 [DEBUG] [hydrator] Reading composite attribute value: grid
2012-10-30 10:45:05.724616 [DEBUG] [hydrator] Reading attribute: width_x
2012-10-30 10:45:05.724725 [DEBUG] [hydrator] Reading generic attribute value: 1
2012-10-30 10:45:05.724825 [DEBUG] [hydrator] Reading attribute: width_y
2012-10-30 10:45:05.724935 [DEBUG] [hydrator] Reading generic attribute value: 1
2012-10-30 10:45:05.725058 [DEBUG] [hydrator] Reading attribute: visible_x
2012-10-30 10:45:05.725146 [DEBUG] [hydrator] Reading generic attribute value: 1
2012-10-30 10:45:05.725239 [DEBUG] [hydrator] Reading attribute: visible_y
2012-10-30 10:45:05.725324 [DEBUG] [hydrator] Reading generic attribute value: 1
2012-10-30 10:45:05.725437 [DEBUG] [hydrator] Reading attribute: color
2012-10-30 10:45:05.725523 [DEBUG] [hydrator] Reading generic attribute value: #d8e5e5
2012-10-30 10:45:05.725626 [DEBUG] [hydrator] Reading attribute: guides
2012-10-30 10:45:05.725711 [DEBUG] [hydrator] Reading composite attribute value: guides
2012-10-30 10:45:05.725853 [DEBUG] [hydrator] Reading attribute: hguides
2012-10-30 10:45:05.725942 [DEBUG] [hydrator] Reading attribute: vguides
2012-10-30 10:45:05.726085 [DEBUG] [hydrator] Read diagram data.
2012-10-30 10:45:05.726207 [DEBUG] [hydrator] Reading layer: Background
2012-10-30 10:45:05.726305 [DEBUG] [hydrator] Reading object: 'O0' of type: UML - Class
2012-10-30 10:45:05.726391 [DEBUG] [hydrator] Reading attribute: obj_pos
2012-10-30 10:45:05.726658 [DEBUG] [hydrator] Reading generic attribute value: 5.635,4.695
2012-10-30 10:45:05.726758 [DEBUG] [hydrator] Reading attribute: obj_bb
2012-10-30 10:45:05.726846 [DEBUG] [hydrator] Reading generic attribute value: 5.61,4.67;30.8,7.52
2012-10-30 10:45:05.726969 [DEBUG] [hydrator] Reading attribute: elem_corner
2012-10-30 10:45:05.727057 [DEBUG] [hydrator] Reading generic attribute value: 5.635,4.695
2012-10-30 10:45:05.727153 [DEBUG] [hydrator] Reading attribute: elem_width
2012-10-30 10:45:05.727261 [DEBUG] [hydrator] Reading generic attribute value: 25.140000000000001
2012-10-30 10:45:05.727367 [DEBUG] [hydrator] Reading attribute: elem_height
2012-10-30 10:45:05.727453 [DEBUG] [hydrator] Reading generic attribute value: 2.7999999999999998
2012-10-30 10:45:05.727550 [DEBUG] [hydrator] Reading attribute: name
2012-10-30 10:45:05.727636 [DEBUG] [hydrator] Reading string attribute value: #evaluation_request#
2012-10-30 10:45:05.727727 [DEBUG] [hydrator] Reading attribute: stereotype
2012-10-30 10:45:05.727812 [DEBUG] [hydrator] Reading string attribute value: ##
2012-10-30 10:45:05.727902 [DEBUG] [hydrator] Reading attribute: comment
2012-10-30 10:45:05.727987 [DEBUG] [hydrator] Reading string attribute value: ##
2012-10-30 10:45:05.728082 [DEBUG] [hydrator] Reading attribute: abstract
2012-10-30 10:45:05.728194 [DEBUG] [hydrator] Reading generic attribute value: false
2012-10-30 10:45:05.728312 [DEBUG] [hydrator] Reading attribute: suppress_attributes
2012-10-30 10:45:05.728399 [DEBUG] [hydrator] Reading generic attribute value: false
2012-10-30 10:45:05.728491 [DEBUG] [hydrator] Reading attribute: suppress_operations
2012-10-30 10:45:05.728591 [DEBUG] [hydrator] Reading generic attribute value: false
2012-10-30 10:45:05.728688 [DEBUG] [hydrator] Reading attribute: visible_attributes
2012-10-30 10:45:05.728775 [DEBUG] [hydrator] Reading generic attribute value: true
2012-10-30 10:45:05.728881 [DEBUG] [hydrator] Reading attribute: visible_operations
2012-10-30 10:45:05.728967 [DEBUG] [hydrator] Reading generic attribute value: true
2012-10-30 10:45:05.729083 [DEBUG] [hydrator] Reading attribute: visible_comments
2012-10-30 10:45:05.729176 [DEBUG] [hydrator] Reading generic attribute value: false
2012-10-30 10:45:05.729268 [DEBUG] [hydrator] Reading attribute: wrap_operations
2012-10-30 10:45:05.729354 [DEBUG] [hydrator] Reading generic attribute value: true
2012-10-30 10:45:05.729446 [DEBUG] [hydrator] Reading attribute: wrap_after_char
2012-10-30 10:45:05.729533 [DEBUG] [hydrator] Reading generic attribute value: 40
2012-10-30 10:45:05.729625 [DEBUG] [hydrator] Reading attribute: comment_line_length
2012-10-30 10:45:05.729711 [DEBUG] [hydrator] Reading generic attribute value: 17
2012-10-30 10:45:05.729838 [DEBUG] [hydrator] Reading attribute: comment_tagging
2012-10-30 10:45:05.729924 [DEBUG] [hydrator] Reading generic attribute value: false
2012-10-30 10:45:05.730053 [DEBUG] [hydrator] Reading attribute: line_width
2012-10-30 10:45:05.731683 [DEBUG] [hydrator] Reading generic attribute value: 0.050000000000000003
2012-10-30 10:45:05.731804 [DEBUG] [hydrator] Reading attribute: line_color
2012-10-30 10:45:05.731891 [DEBUG] [hydrator] Reading generic attribute value: #000000
2012-10-30 10:45:05.731983 [DEBUG] [hydrator] Reading attribute: fill_color
2012-10-30 10:45:05.732069 [DEBUG] [hydrator] Reading generic attribute value: #ffffff
2012-10-30 10:45:05.732160 [DEBUG] [hydrator] Reading attribute: text_color
2012-10-30 10:45:05.732245 [DEBUG] [hydrator] Reading generic attribute value: #000000
2012-10-30 10:45:05.732336 [DEBUG] [hydrator] Reading attribute: normal_font
2012-10-30 10:45:05.732424 [DEBUG] [hydrator] Reading font attribute value: Courier
2012-10-30 10:45:05.732544 [DEBUG] [hydrator] Reading attribute: abstract_font
2012-10-30 10:45:05.732690 [DEBUG] [hydrator] Reading font attribute value: Courier-BoldOblique
2012-10-30 10:45:05.732810 [DEBUG] [hydrator] Reading attribute: polymorphic_font
2012-10-30 10:45:05.732898 [DEBUG] [hydrator] Reading font attribute value: Courier-Oblique
2012-10-30 10:45:05.732989 [DEBUG] [hydrator] Reading attribute: classname_font
2012-10-30 10:45:05.733077 [DEBUG] [hydrator] Reading font attribute value: Helvetica-Bold
2012-10-30 10:45:05.733235 [DEBUG] [hydrator] Reading attribute: abstract_classname_font
2012-10-30 10:45:05.733345 [DEBUG] [hydrator] Reading font attribute value: Helvetica-BoldOblique
2012-10-30 10:45:05.733437 [DEBUG] [hydrator] Reading attribute: comment_font
2012-10-30 10:45:05.733525 [DEBUG] [hydrator] Reading font attribute value: Helvetica-Oblique
2012-10-30 10:45:05.733616 [DEBUG] [hydrator] Reading attribute: normal_font_height
2012-10-30 10:45:05.733702 [DEBUG] [hydrator] Reading generic attribute value: 0.80000000000000004
2012-10-30 10:45:05.735147 [DEBUG] [hydrator] Reading attribute: polymorphic_font_height
2012-10-30 10:45:05.735299 [DEBUG] [hydrator] Reading generic attribute value: 0.80000000000000004
2012-10-30 10:45:05.735393 [DEBUG] [hydrator] Reading attribute: abstract_font_height
2012-10-30 10:45:05.735549 [DEBUG] [hydrator] Reading generic attribute value: 0.80000000000000004
2012-10-30 10:45:05.735794 [DEBUG] [hydrator] Reading attribute: classname_font_height
2012-10-30 10:45:05.735882 [DEBUG] [hydrator] Reading generic attribute value: 1
2012-10-30 10:45:05.736006 [DEBUG] [hydrator] Reading attribute: abstract_classname_font_height
2012-10-30 10:45:05.736143 [DEBUG] [hydrator] Reading generic attribute value: 1
2012-10-30 10:45:05.736298 [DEBUG] [hydrator] Reading attribute: comment_font_height
2012-10-30 10:45:05.736389 [DEBUG] [hydrator] Reading generic attribute value: 0.69999999999999996
2012-10-30 10:45:05.736481 [DEBUG] [hydrator] Reading attribute: attributes
2012-10-30 10:45:05.736836 [DEBUG] [hydrator] Reading composite attribute value: umlattribute
2012-10-30 10:45:05.736924 [DEBUG] [hydrator] Reading attribute: name
2012-10-30 10:45:05.737078 [DEBUG] [hydrator] Reading string attribute value: #credit_rating_evaluation#
2012-10-30 10:45:05.737176 [DEBUG] [hydrator] Reading attribute: type
2012-10-30 10:45:05.742104 [DEBUG] [hydrator] Reading string attribute value: #credit_risk::credit_rating_evaluation#
2012-10-30 10:45:05.742238 [DEBUG] [hydrator] Reading attribute: value
2012-10-30 10:45:05.742325 [DEBUG] [hydrator] Reading string attribute value: ##
2012-10-30 10:45:05.742418 [DEBUG] [hydrator] Reading attribute: comment
2012-10-30 10:45:05.742504 [DEBUG] [hydrator] Reading string attribute value: #credit_risk::credit_rating_evaluation#
2012-10-30 10:45:05.742596 [DEBUG] [hydrator] Reading attribute: visibility
2012-10-30 10:45:05.742715 [DEBUG] [hydrator] Reading generic attribute value: 0
2012-10-30 10:45:05.742810 [DEBUG] [hydrator] Reading attribute: abstract
2012-10-30 10:45:05.742897 [DEBUG] [hydrator] Reading generic attribute value: false
2012-10-30 10:45:05.742989 [DEBUG] [hydrator] Reading attribute: class_scope
2012-10-30 10:45:05.743105 [DEBUG] [hydrator] Reading generic attribute value: false
2012-10-30 10:45:05.743218 [DEBUG] [hydrator] Reading attribute: operations
2012-10-30 10:45:05.743306 [DEBUG] [hydrator] Reading attribute: template
2012-10-30 10:45:05.743391 [DEBUG] [hydrator] Reading generic attribute value: false
2012-10-30 10:45:05.745023 [DEBUG] [hydrator] Reading attribute: templates
2012-10-30 10:45:05.747093 [DEBUG] [hydrator] Read object: O0
2012-10-30 10:45:05.747270 [DEBUG] [hydrator] Reading object: 'O1' of type: UML - Class
2012-10-30 10:45:05.747359 [DEBUG] [hydrator] Reading attribute: obj_pos
2012-10-30 10:45:05.747447 [DEBUG] [hydrator] Reading generic attribute value: 10.8603,13.5278
2012-10-30 10:45:05.747541 [DEBUG] [hydrator] Reading attribute: obj_bb
2012-10-30 10:45:05.747641 [DEBUG] [hydrator] Reading generic attribute value: 10.8353,13.5028;25.5578,16.3528
2012-10-30 10:45:05.748996 [DEBUG] [hydrator] Reading attribute: elem_corner
2012-10-30 10:45:05.751412 [DEBUG] [hydrator] Reading generic attribute value: 10.8603,13.5278
2012-10-30 10:45:05.752102 [DEBUG] [hydrator] Reading attribute: elem_width
2012-10-30 10:45:05.752196 [DEBUG] [hydrator] Reading generic attribute value: 14.672499999999999
2012-10-30 10:45:05.752483 [DEBUG] [hydrator] Reading attribute: elem_height
2012-10-30 10:45:05.752571 [DEBUG] [hydrator] Reading generic attribute value: 2.7999999999999998
2012-10-30 10:45:05.752669 [DEBUG] [hydrator] Reading attribute: name
2012-10-30 10:45:05.752755 [DEBUG] [hydrator] Reading string attribute value: #augmented_evaluation_request#
2012-10-30 10:45:05.752847 [DEBUG] [hydrator] Reading attribute: stereotype
2012-10-30 10:45:05.752949 [DEBUG] [hydrator] Reading string attribute value: ##
2012-10-30 10:45:05.753041 [DEBUG] [hydrator] Reading attribute: comment
2012-10-30 10:45:05.753406 [DEBUG] [hydrator] Reading string attribute value: ##
2012-10-30 10:45:05.753500 [DEBUG] [hydrator] Reading attribute: abstract
2012-10-30 10:45:05.753587 [DEBUG] [hydrator] Reading generic attribute value: false
2012-10-30 10:45:05.753795 [DEBUG] [hydrator] Reading attribute: suppress_attributes
2012-10-30 10:45:05.753901 [DEBUG] [hydrator] Reading generic attribute value: false
2012-10-30 10:45:05.753993 [DEBUG] [hydrator] Reading attribute: suppress_operations
2012-10-30 10:45:05.754079 [DEBUG] [hydrator] Reading generic attribute value: false
2012-10-30 10:45:05.754171 [DEBUG] [hydrator] Reading attribute: visible_attributes
2012-10-30 10:45:05.765947 [DEBUG] [hydrator] Reading generic attribute value: true
2012-10-30 10:45:05.766056 [DEBUG] [hydrator] Reading attribute: visible_operations
2012-10-30 10:45:05.766143 [DEBUG] [hydrator] Reading generic attribute value: true
2012-10-30 10:45:05.766237 [DEBUG] [hydrator] Reading attribute: visible_comments
2012-10-30 10:45:05.766380 [DEBUG] [hydrator] Reading generic attribute value: false
2012-10-30 10:45:05.766553 [DEBUG] [hydrator] Reading attribute: wrap_operations
2012-10-30 10:45:05.775356 [DEBUG] [hydrator] Reading generic attribute value: true
2012-10-30 10:45:05.775480 [DEBUG] [hydrator] Reading attribute: wrap_after_char
2012-10-30 10:45:05.775568 [DEBUG] [hydrator] Reading generic attribute value: 40
2012-10-30 10:45:05.786632 [DEBUG] [hydrator] Reading attribute: comment_line_length
2012-10-30 10:45:05.787084 [DEBUG] [hydrator] Reading generic attribute value: 17
2012-10-30 10:45:05.793615 [DEBUG] [hydrator] Reading attribute: comment_tagging
2012-10-30 10:45:05.793793 [DEBUG] [hydrator] Reading generic attribute value: false
2012-10-30 10:45:05.793887 [DEBUG] [hydrator] Reading attribute: line_width
2012-10-30 10:45:05.794006 [DEBUG] [hydrator] Reading generic attribute value: 0.050000000000000003
2012-10-30 10:45:05.794131 [DEBUG] [hydrator] Reading attribute: line_color
2012-10-30 10:45:05.794218 [DEBUG] [hydrator] Reading generic attribute value: #000000
2012-10-30 10:45:05.794311 [DEBUG] [hydrator] Reading attribute: fill_color
2012-10-30 10:45:05.794396 [DEBUG] [hydrator] Reading generic attribute value: #ffffff
2012-10-30 10:45:05.794493 [DEBUG] [hydrator] Reading attribute: text_color
2012-10-30 10:45:05.794580 [DEBUG] [hydrator] Reading generic attribute value: #000000
2012-10-30 10:45:05.794672 [DEBUG] [hydrator] Reading attribute: normal_font
2012-10-30 10:45:05.794836 [DEBUG] [hydrator] Reading font attribute value: Courier
2012-10-30 10:45:05.794932 [DEBUG] [hydrator] Reading attribute: abstract_font
2012-10-30 10:45:05.795046 [DEBUG] [hydrator] Reading font attribute value: Courier-BoldOblique
2012-10-30 10:45:05.795140 [DEBUG] [hydrator] Reading attribute: polymorphic_font
2012-10-30 10:45:05.795228 [DEBUG] [hydrator] Reading font attribute value: Courier-Oblique
2012-10-30 10:45:05.795327 [DEBUG] [hydrator] Reading attribute: classname_font
2012-10-30 10:45:05.795416 [DEBUG] [hydrator] Reading font attribute value: Helvetica-Bold
2012-10-30 10:45:05.795507 [DEBUG] [hydrator] Reading attribute: abstract_classname_font
2012-10-30 10:45:05.795596 [DEBUG] [hydrator] Reading font attribute value: Helvetica-BoldOblique
2012-10-30 10:45:05.795716 [DEBUG] [hydrator] Reading attribute: comment_font
2012-10-30 10:45:05.795816 [DEBUG] [hydrator] Reading font attribute value: Helvetica-Oblique
2012-10-30 10:45:05.795909 [DEBUG] [hydrator] Reading attribute: normal_font_height
2012-10-30 10:45:05.796015 [DEBUG] [hydrator] Reading generic attribute value: 0.80000000000000004
2012-10-30 10:45:05.796108 [DEBUG] [hydrator] Reading attribute: polymorphic_font_height
2012-10-30 10:45:05.796195 [DEBUG] [hydrator] Reading generic attribute value: 0.80000000000000004
2012-10-30 10:45:05.796290 [DEBUG] [hydrator] Reading attribute: abstract_font_height
2012-10-30 10:45:05.796390 [DEBUG] [hydrator] Reading generic attribute value: 0.80000000000000004
2012-10-30 10:45:05.796486 [DEBUG] [hydrator] Reading attribute: classname_font_height
2012-10-30 10:45:05.796596 [DEBUG] [hydrator] Reading generic attribute value: 1
2012-10-30 10:45:05.796693 [DEBUG] [hydrator] Reading attribute: abstract_classname_font_height
2012-10-30 10:45:05.796778 [DEBUG] [hydrator] Reading generic attribute value: 1
2012-10-30 10:45:05.796908 [DEBUG] [hydrator] Reading attribute: comment_font_height
2012-10-30 10:45:05.796999 [DEBUG] [hydrator] Reading generic attribute value: 0.69999999999999996
2012-10-30 10:45:05.797091 [DEBUG] [hydrator] Reading attribute: attributes
2012-10-30 10:45:05.797191 [DEBUG] [hydrator] Reading composite attribute value: umlattribute
2012-10-30 10:45:05.797278 [DEBUG] [hydrator] Reading attribute: name
2012-10-30 10:45:05.797364 [DEBUG] [hydrator] Reading string attribute value: #augmenting_attribute#
2012-10-30 10:45:05.797483 [DEBUG] [hydrator] Reading attribute: type
2012-10-30 10:45:05.797570 [DEBUG] [hydrator] Reading string attribute value: #std::string#
2012-10-30 10:45:05.797664 [DEBUG] [hydrator] Reading attribute: value
2012-10-30 10:45:05.797749 [DEBUG] [hydrator] Reading string attribute value: ##
2012-10-30 10:45:05.797843 [DEBUG] [hydrator] Reading attribute: comment
2012-10-30 10:45:05.797936 [DEBUG] [hydrator] Reading string attribute value: ##
2012-10-30 10:45:05.798031 [DEBUG] [hydrator] Reading attribute: visibility
2012-10-30 10:45:05.798124 [DEBUG] [hydrator] Reading generic attribute value: 0
2012-10-30 10:45:05.798450 [DEBUG] [hydrator] Reading attribute: abstract
2012-10-30 10:45:05.798577 [DEBUG] [hydrator] Reading generic attribute value: false
2012-10-30 10:45:05.798784 [DEBUG] [hydrator] Reading attribute: class_scope
2012-10-30 10:45:05.798895 [DEBUG] [hydrator] Reading generic attribute value: false
2012-10-30 10:45:05.799012 [DEBUG] [hydrator] Reading attribute: operations
2012-10-30 10:45:05.799100 [DEBUG] [hydrator] Reading attribute: template
2012-10-30 10:45:05.799205 [DEBUG] [hydrator] Reading generic attribute value: false
2012-10-30 10:45:05.799315 [DEBUG] [hydrator] Reading attribute: templates
2012-10-30 10:45:05.799534 [DEBUG] [hydrator] Read object: O1
2012-10-30 10:45:05.799727 [DEBUG] [hydrator] Reading object: 'O2' of type: UML - Class
2012-10-30 10:45:05.802943 [DEBUG] [hydrator] Reading attribute: obj_pos
2012-10-30 10:45:05.803067 [DEBUG] [hydrator] Reading generic attribute value: 34.585,4.995
2012-10-30 10:45:05.803264 [DEBUG] [hydrator] Reading attribute: obj_bb
2012-10-30 10:45:05.803585 [DEBUG] [hydrator] Reading generic attribute value: 34.56,4.97;46.275,7.82
2012-10-30 10:45:05.803703 [DEBUG] [hydrator] Reading attribute: elem_corner
2012-10-30 10:45:05.804253 [DEBUG] [hydrator] Reading generic attribute value: 34.585,4.995
2012-10-30 10:45:05.804373 [DEBUG] [hydrator] Reading attribute: elem_width
2012-10-30 10:45:05.804518 [DEBUG] [hydrator] Reading generic attribute value: 11.665000000000001
2012-10-30 10:45:05.804613 [DEBUG] [hydrator] Reading attribute: elem_height
2012-10-30 10:45:05.804699 [DEBUG] [hydrator] Reading generic attribute value: 2.7999999999999998
2012-10-30 10:45:05.804797 [DEBUG] [hydrator] Reading attribute: name
2012-10-30 10:45:05.804912 [DEBUG] [hydrator] Reading string attribute value: #evaluation_response#
2012-10-30 10:45:05.805005 [DEBUG] [hydrator] Reading attribute: stereotype
2012-10-30 10:45:05.805090 [DEBUG] [hydrator] Reading string attribute value: ##
2012-10-30 10:45:05.805181 [DEBUG] [hydrator] Reading attribute: comment
2012-10-30 10:45:05.805266 [DEBUG] [hydrator] Reading string attribute value: ##
2012-10-30 10:45:05.805356 [DEBUG] [hydrator] Reading attribute: abstract
2012-10-30 10:45:05.805449 [DEBUG] [hydrator] Reading generic attribute value: false
2012-10-30 10:45:05.805565 [DEBUG] [hydrator] Reading attribute: suppress_attributes
2012-10-30 10:45:05.805652 [DEBUG] [hydrator] Reading generic attribute value: false
2012-10-30 10:45:05.805743 [DEBUG] [hydrator] Reading attribute: suppress_operations
2012-10-30 10:45:05.805848 [DEBUG] [hydrator] Reading generic attribute value: false
2012-10-30 10:45:05.805940 [DEBUG] [hydrator] Reading attribute: visible_attributes
2012-10-30 10:45:05.806026 [DEBUG] [hydrator] Reading generic attribute value: true
2012-10-30 10:45:05.806116 [DEBUG] [hydrator] Reading attribute: visible_operations
2012-10-30 10:45:05.806201 [DEBUG] [hydrator] Reading generic attribute value: true
2012-10-30 10:45:05.806291 [DEBUG] [hydrator] Reading attribute: visible_comments
2012-10-30 10:45:05.806377 [DEBUG] [hydrator] Reading generic attribute value: false
2012-10-30 10:45:05.806467 [DEBUG] [hydrator] Reading attribute: wrap_operations
2012-10-30 10:45:05.806558 [DEBUG] [hydrator] Reading generic attribute value: true
2012-10-30 10:45:05.806649 [DEBUG] [hydrator] Reading attribute: wrap_after_char
2012-10-30 10:45:05.806762 [DEBUG] [hydrator] Reading generic attribute value: 40
2012-10-30 10:45:05.806855 [DEBUG] [hydrator] Reading attribute: comment_line_length
2012-10-30 10:45:05.806946 [DEBUG] [hydrator] Reading generic attribute value: 17
2012-10-30 10:45:05.807062 [DEBUG] [hydrator] Reading attribute: comment_tagging
2012-10-30 10:45:05.807148 [DEBUG] [hydrator] Reading generic attribute value: false
2012-10-30 10:45:05.807238 [DEBUG] [hydrator] Reading attribute: line_width
2012-10-30 10:45:05.969832 [DEBUG] [hydrator] Reading generic attribute value: 0.050000000000000003
2012-10-30 10:45:05.969942 [DEBUG] [hydrator] Reading attribute: line_color
2012-10-30 10:45:05.970029 [DEBUG] [hydrator] Reading generic attribute value: #000000
2012-10-30 10:45:05.970153 [DEBUG] [hydrator] Reading attribute: fill_color
2012-10-30 10:45:05.970274 [DEBUG] [hydrator] Reading generic attribute value: #ffffff
2012-10-30 10:45:05.970367 [DEBUG] [hydrator] Reading attribute: text_color
2012-10-30 10:45:05.970657 [DEBUG] [hydrator] Reading generic attribute value: #000000
2012-10-30 10:45:05.970781 [DEBUG] [hydrator] Reading attribute: normal_font
2012-10-30 10:45:05.971082 [DEBUG] [hydrator] Reading font attribute value: Courier
2012-10-30 10:45:05.971178 [DEBUG] [hydrator] Reading attribute: abstract_font
2012-10-30 10:45:05.971406 [DEBUG] [hydrator] Reading font attribute value: Courier-BoldOblique
2012-10-30 10:45:05.971501 [DEBUG] [hydrator] Reading attribute: polymorphic_font
2012-10-30 10:45:05.971616 [DEBUG] [hydrator] Reading font attribute value: Courier-Oblique
2012-10-30 10:45:05.971710 [DEBUG] [hydrator] Reading attribute: classname_font
2012-10-30 10:45:05.971798 [DEBUG] [hydrator] Reading font attribute value: Helvetica-Bold
2012-10-30 10:45:05.971890 [DEBUG] [hydrator] Reading attribute: abstract_classname_font
2012-10-30 10:45:05.971978 [DEBUG] [hydrator] Reading font attribute value: Helvetica-BoldOblique
2012-10-30 10:45:05.972070 [DEBUG] [hydrator] Reading attribute: comment_font
2012-10-30 10:45:05.972158 [DEBUG] [hydrator] Reading font attribute value: Helvetica-Oblique
2012-10-30 10:45:05.972314 [DEBUG] [hydrator] Reading attribute: normal_font_height
2012-10-30 10:45:05.972423 [DEBUG] [hydrator] Reading generic attribute value: 0.80000000000000004
2012-10-30 10:45:05.972517 [DEBUG] [hydrator] Reading attribute: polymorphic_font_height
2012-10-30 10:45:05.972633 [DEBUG] [hydrator] Reading generic attribute value: 0.80000000000000004
2012-10-30 10:45:05.972726 [DEBUG] [hydrator] Reading attribute: abstract_font_height
2012-10-30 10:45:05.972812 [DEBUG] [hydrator] Reading generic attribute value: 0.80000000000000004
2012-10-30 10:45:05.972903 [DEBUG] [hydrator] Reading attribute: classname_font_height
2012-10-30 10:45:05.973023 [DEBUG] [hydrator] Reading generic attribute value: 1
2012-10-30 10:45:05.973115 [DEBUG] [hydrator] Reading attribute: abstract_classname_font_height
2012-10-30 10:45:05.973201 [DEBUG] [hydrator] Reading generic attribute value: 1
2012-10-30 10:45:05.973464 [DEBUG] [hydrator] Reading attribute: comment_font_height
2012-10-30 10:45:05.973565 [DEBUG] [hydrator] Reading generic attribute value: 0.69999999999999996
2012-10-30 10:45:05.973739 [DEBUG] [hydrator] Reading attribute: attributes
2012-10-30 10:45:05.973828 [DEBUG] [hydrator] Reading composite attribute value: umlattribute
2012-10-30 10:45:05.973914 [DEBUG] [hydrator] Reading attribute: name
2012-10-30 10:45:05.974000 [DEBUG] [hydrator] Reading string attribute value: #time_series_set#
2012-10-30 10:45:05.974094 [DEBUG] [hydrator] Reading attribute: type
2012-10-30 10:45:05.974180 [DEBUG] [hydrator] Reading string attribute value: #std::string#
2012-10-30 10:45:05.974274 [DEBUG] [hydrator] Reading attribute: value
2012-10-30 10:45:05.974393 [DEBUG] [hydrator] Reading string attribute value: ##
2012-10-30 10:45:06.000649 [DEBUG] [hydrator] Reading attribute: comment
2012-10-30 10:45:06.019669 [DEBUG] [hydrator] Reading string attribute value: ##
2012-10-30 10:45:06.019796 [DEBUG] [hydrator] Reading attribute: visibility
2012-10-30 10:45:06.019906 [DEBUG] [hydrator] Reading generic attribute value: 0
2012-10-30 10:45:06.020007 [DEBUG] [hydrator] Reading attribute: abstract
2012-10-30 10:45:06.020117 [DEBUG] [hydrator] Reading generic attribute value: false
2012-10-30 10:45:06.096904 [DEBUG] [hydrator] Reading attribute: class_scope
2012-10-30 10:45:06.097055 [DEBUG] [hydrator] Reading generic attribute value: false
2012-10-30 10:45:06.097514 [DEBUG] [hydrator] Reading attribute: operations
2012-10-30 10:45:06.097609 [DEBUG] [hydrator] Reading attribute: template
2012-10-30 10:45:06.097695 [DEBUG] [hydrator] Reading generic attribute value: false
2012-10-30 10:45:06.097787 [DEBUG] [hydrator] Reading attribute: templates
2012-10-30 10:45:06.097970 [DEBUG] [hydrator] Read object: O2
2012-10-30 10:45:06.098166 [DEBUG] [hydrator] Reading object: 'O3' of type: UML - Generalization
2012-10-30 10:45:06.098259 [DEBUG] [hydrator] Reading attribute: obj_pos
2012-10-30 10:45:06.098344 [DEBUG] [hydrator] Reading generic attribute value: 18.205,7.52035
2012-10-30 10:45:06.098437 [DEBUG] [hydrator] Reading attribute: obj_bb
2012-10-30 10:45:06.098523 [DEBUG] [hydrator] Reading generic attribute value: 17.355,7.47035;19.055,13.5525
2012-10-30 10:45:06.098661 [DEBUG] [hydrator] Reading attribute: meta
2012-10-30 10:45:06.099003 [DEBUG] [hydrator] Reading composite attribute value: dict
2012-10-30 10:45:06.099114 [DEBUG] [hydrator] Reading attribute: orth_points
2012-10-30 10:45:06.099202 [DEBUG] [hydrator] Reading generic attribute value: 18.205,7.52035
2012-10-30 10:45:06.099290 [DEBUG] [hydrator] Reading generic attribute value: 18.205,10.9114
2012-10-30 10:45:06.099389 [DEBUG] [hydrator] Reading generic attribute value: 18.1966,10.9114
2012-10-30 10:45:06.099480 [DEBUG] [hydrator] Reading generic attribute value: 18.1966,13.5025
2012-10-30 10:45:06.099573 [DEBUG] [hydrator] Reading attribute: orth_orient
2012-10-30 10:45:06.099660 [DEBUG] [hydrator] Reading generic attribute value: 1
2012-10-30 10:45:06.099749 [DEBUG] [hydrator] Reading generic attribute value: 0
2012-10-30 10:45:06.099838 [DEBUG] [hydrator] Reading generic attribute value: 1
2012-10-30 10:45:06.099942 [DEBUG] [hydrator] Reading attribute: orth_autoroute
2012-10-30 10:45:06.100059 [DEBUG] [hydrator] Reading generic attribute value: true
2012-10-30 10:45:06.100222 [DEBUG] [hydrator] Reading attribute: text_colour
2012-10-30 10:45:06.100313 [DEBUG] [hydrator] Reading generic attribute value: #000000
2012-10-30 10:45:06.100405 [DEBUG] [hydrator] Reading attribute: line_colour
2012-10-30 10:45:06.100490 [DEBUG] [hydrator] Reading generic attribute value: #000000
2012-10-30 10:45:06.100581 [DEBUG] [hydrator] Reading attribute: name
2012-10-30 10:45:06.100666 [DEBUG] [hydrator] Reading string attribute value: ##
2012-10-30 10:45:06.100772 [DEBUG] [hydrator] Reading attribute: stereotype
2012-10-30 10:45:06.100857 [DEBUG] [hydrator] Reading string attribute value: ##
2012-10-30 10:45:06.100979 [DEBUG] [hydrator] Object has 2 connections
2012-10-30 10:45:06.101114 [DEBUG] [hydrator] Read object: O3
2012-10-30 10:45:06.101453 [DEBUG] [hydrator] Read layer: Background
2012-10-30 10:45:06.101806 [DEBUG] [hydrator] Read diagram.
2012-10-30 10:45:06.110219 [DEBUG] [dia_to_sml] Initialised with configuration: model_name: protocol external_package_path: creris is_target: true verbose: true
2012-10-30 10:45:06.110410 [INFO] [dia_to_sml] Transforming diagram: protocol
